%YAML:1.0
---
calibration_time: "Mon Nov  5 16:55:42 2018"
image_width: 1600
image_height: 1200
board_width: 47
board_height: 19
square_size: 8.1999998092651367e+00
aspectRatio: 1.
flags: 2
camera_matrix: !!opencv-matrix
   rows: 3
   cols: 3
   dt: d
   data: [ 1.2639138143517155e+03, 0., 8.1424375130693318e+02, 0.,
       1.2639138143517155e+03, 5.4625786721012423e+02, 0., 0., 1. ]
distortion_coefficients: !!opencv-matrix
   rows: 5
   cols: 1
   dt: d
   data: [ 9.3862247654806094e-02, -2.9514579250742018e-01,
       7.7348504694200700e-04, 3.8454270543434557e-04,
       2.4075010366561023e-01 ]
avg_reprojection_error: 2.5451997144956945e-01
