%YAML:1.0
---
R: !!opencv-matrix
   rows: 3
   cols: 3
   dt: d
   data: [ 9.9998532906319981e-01, -5.3494908395466346e-03,
       8.5123799351505844e-04, 5.3487753375036041e-03,
       9.9998534188024901e-01, 8.4061110533806087e-04,
       -8.5572235737423161e-04, -8.3604569199961017e-04,
       9.9999928438316799e-01 ]
T: !!opencv-matrix
   rows: 3
   cols: 1
   dt: d
   data: [ -9.0824703324343616e+00, -4.5913980849834259e-02,
       1.1099475150116815e-01 ]
R1: !!opencv-matrix
   rows: 3
   cols: 3
   dt: d
   data: [ 9.9993538416501271e-01, -2.8409249806222206e-04,
       -1.1364276757514077e-02, 2.8886956035162207e-04,
       9.9999987061456763e-01, 4.1871855116872259e-04,
       1.1364156332343025e-02, -4.2197428895056669e-04,
       9.9993533685361558e-01 ]
R2: !!opencv-matrix
   rows: 3
   cols: 3
   dt: d
   data: [ 9.9991256022225861e-01, 5.0547884508474186e-03,
       -1.2219698174892836e-02, -5.0602683958717708e-03,
       9.9998710957455761e-01, -4.1757452443808815e-04,
       1.2217429906901080e-02, 4.7937296429598751e-04,
       9.9992524951019768e-01 ]
P1: !!opencv-matrix
   rows: 3
   cols: 4
   dt: d
   data: [ 1.0591244840479446e+03, 0., 8.4081876373291016e+02, 0., 0.,
       1.0591244840479446e+03, 5.8461125946044922e+02, 0., 0., 0., 1.,
       0. ]
P2: !!opencv-matrix
   rows: 3
   cols: 4
   dt: d
   data: [ 1.0591244840479446e+03, 0., 8.4081876373291016e+02,
       -9.6203079023050905e+03, 0., 1.0591244840479446e+03,
       5.8461125946044922e+02, 0., 0., 0., 1., 0. ]
Q: !!opencv-matrix
   rows: 4
   cols: 4
   dt: d
   data: [ 1., 0., 0., -8.4081876373291016e+02, 0., 1., 0.,
       -5.8461125946044922e+02, 0., 0., 0., 1.0591244840479446e+03, 0.,
       0., 1.1009257653740702e-01, 0. ]
roi_rec: [ 156, 137, 1315, 985 ]
