%YAML:1.0
---
M1: !!opencv-matrix
   rows: 3
   cols: 3
   dt: d
   data: [ 1.1588133512810402e+03, 0., 8.2547886248923066e+02, 0.,
       1.1533954051522587e+03, 6.2145802168570503e+02, 0., 0., 1. ]
D1: !!opencv-matrix
   rows: 1
   cols: 14
   dt: d
   data: [ 6.7645996272432493e-02, -1.8085146780913816e-01, 0., 0., 0.,
       0., 0., -9.2254528339691361e-02, 0., 0., 0., 0., 0., 0. ]
M2: !!opencv-matrix
   rows: 3
   cols: 3
   dt: d
   data: [ 1.2778287738722190e+03, 0., 8.1319507671386430e+02, 0.,
       1.2715270842632654e+03, 5.4239207870710845e+02, 0., 0., 1. ]
D2: !!opencv-matrix
   rows: 1
   cols: 14
   dt: d
   data: [ 1.0922574976686607e-01, -3.5307283048965138e-01, 0., 0., 0.,
       0., 0., -3.0115730955138209e-01, 0., 0., 0., 0., 0., 0. ]
